poi:
  default_radius_m: 100
  locations:
    - name: Home
      lat: 34.0170901
      lon: -117.9025897
      radius_m: 250
    - name: Target
      lat: 34.0297163
      lon: -117.9190439
